349
13758
23343
444
29936
29235
6544
30923
6000
22024
22958
12584
23048
31230
6212
12752
25189
27252
8693
1548
9929
24619
10998
1357
16753
1390
14294
14918
3319
24791
14684
11705
5779
26875
23582
2272
29973
1086
13244
16602
31460
25890
17410
8058
18638
2846
755
18596
21593
17335
31307
10974
10316
20596
14968
16277
29011
11952
23175
4113
28342
13588
1106
30746
15587
3292
25472
16777
16175
19242
1990
1336
21044
597
17651
985
20811
16365
14266
24984
2818
30019
17888
21108
2862
15359
15302
1727
15745
6403
20889
24894
20510
9974
12461
532
7602
21793
2144
4358
